# sequence 01 - short slowing pulses

start
2	4	0	1
1	100	1	0
0	350	0	0
2	4	0	1
1	100	1	0
0	350	0	0
2	4	0	1
1	100	1	0
0	450	0	0
2	4	0	1
1	100	1	0
0	490	0	0
2	4	0	1
1	100	1	0
0	240	0	0
end

# sequence 02 - irregular, sparse

start
2	4	0	1
1	100	1	0
0	100	0	0
2	4	0	1
1	100	1	0
0	100	0	0
2	4	0	1
1	100	1	0
0	470	0	0
2	4	0	1
1	100	1	0
0	240	0	0
2	4	0	1
1	100	1	0
0	280	0	0
2	4	0	1
1	100	1	0
0	490	0	0
2	4	0	1
1	100	1	0
0	220	0	0
2	4	0	1
1	100	1	0
0	280	0	0
2	4	0	1
1	100	1	0
0	100	0	0
2	4	0	1
1	100	1	0
0	100	0	0
end

# sequence 03 - short blips, one single long pulse

start
2	4	0	1
1	150	1	0
0	290	0	0
2	4	0	1
1	100	1	0
0	450	0	0
2	4	0	1
1	500	1	0
0	470	0	0
2	4	0	1
1	100	1	0
0	240	0	0
2	4	0	1
1	100	1	0
0	400	0	0
2	4	0	1
1	100	1	0
0	500	0	0
2	4	0	1
1	700	1	0
end

# sequence 04 - quiet blips then increasing freq + loudness

start
2	4	0	0.3
1	80	0.3	0
0	280	0	0
2	4	0	0.5
1	80	0.5	0
0	280	0	0
2	4	0	0.8
1	80	0.8	0
0	350	0	0
3	800	0.5	0.4	10	0.1	0.1	sqr
3	800	0.5	10	0.4	0.1	0.1	sqr
0	350	0	0
2	4	0	0.8
1	80	0.8	0
0	300	0	0
2	4	0	0.7
1	80	0.7	0
0	250	0	0
2	4	0	0.6
1	80	0.6	0
0	350	0	0
2	4	0	0.5
1	80	0.5	0
0	400	0	0
2	4	0	0.3
1	150	0.3	0
0	510	0	0
2	4	0	0.1
1	250	0.1	0
0	100	0	0
end

# sequence 05 - tiny blips and a quiet pulse in the middle

start
2	4	0	1
1	80	1
0	280

2	4	0	1
1	80	1
0	200

2	4	0	1
1	80	1
0	150

2	4	0	1
1	80	1
0	145

2	4	0	1
1	80	1
0	420

2	4	0	1
1	480	1
0	630

2	4	0	0.8
1	80	0.8
0	300

2	4	0	0.8
1	80	0.8
0	270

2	4	0	0.6
1	120	0.6
0	230

2	4	0	0.6
1	120	0.6
0	200

2	4	0	0.6
1	120	0.6
0	200

2	4	0	0.6
1	180	0.6
0	250

2	4	0	0.4
1	120	0.4
0	170

2	4	0	0.4
1	110	0.4
0	140

2	4	0	0.4
1	100	0.4
0	100

2	4	0	0.2
1	90	0.2
0	90

2	4	0	0.2
1	80	0.2
0	80

2	4	0	0.2
1	70	0.2
0	78
end

# sequence 06 - very sparse 

start
2	4	0	0.8
1	250	0.8
0	740

2	4	0	0.8
1	250	0.8
0	800

2	4	0	0.8
1	250	0.8
0	780

2	4	0	0.8
1	250	0.8
0	750

2	4	0	0.8
1	250	0.8
0	780
end

# sequence 07 - ramps and winding down

start
2	540	0	1
0	560

2	4	0	1
1	180	1
0	600

2	4	0	0.7
1	180	0.7
0	680

2	4	0	0.5
1	180	0.5
0	660

2	4	0	0.3
1	180	0.3
0	720

2	4	0	0.1
1	180	0.1
0	1700

2	560	1	0
0	460
end

# sequence 08 - pew pew

start
2	740	1	0
0	660

2	560	1	0
0	500

2	300	0.6	0
0	400

2	250	0.5	0
0	420

2	330	0.4	0
0	350

2	670	1	0
0	660
end

# sequence 09 - triples and grouplets

start
2	4	0	1
1	100	1
0	100

2	4	0	1
1	100	1
0	960


2	4	0	1
1	100	1
0	120

2	4	0	1
1	100	1
0	90

2	4	0	1
1	100	1
0	900


2	4	0	1
1	100	1
0	60

2	4	0	1
1	100	1
0	990


2	4	0	1
1	100	1
0	80

2	4	0	1
1	100	1
0	100

2	4	0	1
1	100	1
0	200
end


# sequence 10 - triples and grouplets II

start
0	400
2	4	0	1
1	100	1
0	100

2	4	0	1
1	100	1
0	960


2	4	0	1
1	100	1
0	120

2	4	0	1
1	100	1
0	90

2	4	0	1
1	100	1
0	900


2	4	0	1
1	100	1
0	60

2	4	0	1
1	100	1
0	990


2	4	0	1
1	100	1
0	80

2	4	0	1
1	100	1
0	100

2	4	0	1
1	100	1
0	200
end

# sequence 11 - bounce

start
2	560	0	1
0	930

2	660	0	1
0	800

2	460	0	1
0	160

2	4	0	1
1	250	1
0	80

2	4	0	1
1	250	1
0	90

2	4	0	1
1	210	1
0	70

2	4	0	1
1	150	1
0	60

2	4	0	1
1	130	1
0	50

2	4	0	1
1	110	1
0	40

2	4	0	1
1	100	1
0	50

2	4	0	1
1	90	1
0	40

2	4	0	1
1	70	1
0	30

2	4	0	1
1	70	1
0	20

2	4	0	1
1	100	1
0	40

2	4	0	1
1	140	1
0	30

2	4	0	1
1	100	1
0	20

2	4	0	1
1	90	1
0	40

2	4	0	1
1	80	1
0	30

2	4	0	1
1	70	1
0	20
end

# sequence 12 - fadeouts

start
2	500	1	0
0	70

2	500	0.8	0
0	60

2	500	0.6	0
0	80

2	500	0.4	0
0	70

2	500	0.2	0
0	60

2	500	0.1	0
0	100
end

# sequence 13 - ramps and clusters II

start
2	600	0	1
0	190

2	4	0	1
1	180	1
0	390


2	4	0	1
1	120	1
0	60

2	4	0	1
1	120	1
0	60

2	4	0	1
1	120	1
0	90

2	4	0	1
1	150	1
0	280


2	600	1	0
0	90

2	600	0	1
0	80

2	4	0	1
1	250	1
0	40
end

# sequence 14 - smooth and then crackly

start
4	1263	1	0.2	1
0	500	
1	150	1
0	600
1	150	1
0	400
1	150	1
0	900
1	150	1
0	200
1	150	1
0	200
1	150	1
0	500
2	632	0	1
0	700
2	947	0	1
0	700
2	1263	0	1
0	400
end

# sequence 15 - long chirp

start
3	1500	0.2	0.4	20	1	1	sqr
0	50

2	4	0	0.8
1	100	0.8
0	40

2	4	0	0.8
1	100	0.8
0	50

2	4	0	0.8
1	100	0.8
0	60

2	4	0	0.8
1	100	0.8
0	70

2	4	0	0.8
1	100	0.8
0	80

2	4	0	0.8
1	100	0.8
0	90

2	4	0	0.8
1	100	0.8
0	100

2	4	0	0.8
1	100	0.8
0	200

2	4	0	0.8
1	100	0.8
0	300

2	4	0	0.8
1	100	0.8
0	400

2	4	0	0.8
1	100	0.8
0	200

3	500	0.2	1	10	0.5	0.5	sqr
0	50

3	600	0.1	8	10	0.5	0.5	sqr
0	50
end

# sequence 16 - humps

start
4	632	1	0.9	0.5
0	1263
4	632	1	0.9	0.5
0	632
4	632	1	0.9	0.5
0	1263
4	632	1	0.9	0.5
0	1263
end

# sequence 17 - surprise scream

start
2	4	0	0.6
1	150	0.6
0	80

2	4	0	0.6
1	150	0.6
0	700


2	4	0	0.6
1	150	0.6
0	800


2	4	0	0.6
1	150	0.6
0	70

2	4	0	0.6
1	150	0.6
0	60

2	4	0	0.6
1	150	0.6
0	800


2	4	0	0.6
1	150	0.6
0	300

3	600	0.5	4	4	1	1	sin
0	50
end

# sequence 18 - wavering I

start
3	1000	0.2	3	5	0.8	0.8	0
0	700

2	4	0	0.3
1	86	0.3
0	200

2	4	0	0.3
1	86	0.3
0	220

2	4	0	0.3
1	86	0.3
0	600

3	1200	0.3	3	5	0.8	0.8	0
0	500

2	4	0	0.3
1	86	0.3
0	500

3	400	0.6	10	10	1	1	0
0	50
end

# sequence 19 - whoa maaaannnn

start
2	4	0	0.5
3	800	0.5	8	0.5	0.01	1	sin
3	800	0.5	0.5	8	1	0.01	sin
3	800	0.5	8	0.2	0.01	1	sin
3	2400	0.5	0.2	8	1	0.01	sin
3	800	0.5	0.5	8	1	0.01	sin
end

# sequence 20 - pop up

start
2	4	0	0.2
1	120	0.2
0	200

2	4	0	0.2
1	120	0.2
0	200

2	4	0	1
1	316	1
0	200

2	4	0	0.2
1	120	0.2
0	200

2	4	0	0.2
1	120	0.2
0	200

2	4	0	1
1	315	1
0	700

2	4	0	1
1	315	1
0	200

2	4	0	0.2
1	120	0.2
0	200

2	4	0	0.2
1	120	0.2
0	450

2	4	0	0.2
1	120	0.2
0	200

2	4	0	0.2
1	120	0.2
0	200

2	4	0	1
1	315	1
0	200

2	4	0	0.2
1	120	0.2
0	200

2	4	0	0.2
1	120	0.2
0	200

2	4	0	1
1	315	1
0	200

2	4	0	0.2
1	120	0.2
0	200

2	4	0	0.2
1	120	0.2
0	450

2	4	0	0.2
1	120	0.2
0	200

2	4	0	0.3
1	120	0.3
0	200

2	4	0	1
1	315	1
0	200

2	4	0	0.2
1	120	0.2
0	200

2	4	0	0.2
1	120	0.2
0	200

2	4	0	1
1	315	1
0	50
end

# sequence 21 - downward triplets

start
2	4	0	1
1	160	1
0	90

2	4	0	0.6
1	160	0.6
0	90

2	4	0	0.2
1	160	0.2
0	90

2	4	0	1
1	315	1
0	90

2	4	0	0.6
1	160	0.6
0	90

2	4	0	0.2
1	160	0.2
0	90

2	4	0	1
1	315	1
0	90

2	4	0	0.3
1	160	0.3
0	90

2	4	0	0.05
1	160	0.05
0	90

2	4	0	1
1	315	1
0	90

2	4	0	0.3
1	160	0.3
0	90

2	4	0	0.05
1	160	0.05
0	90

2	4	0	1
1	315	1
0	90

2	4	0	0.05
1	160	0.05
0	90

2	4	0	0.1
1	160	0.1
0	90

2	4	0	0.2
1	160	0.2
0	90

2	4	0	0.3
1	120	0.3
0	90

2	4	0	0.4
1	120	0.4
0	90

2	4	0	0.5
1	100	0.5
0	90

2	4	0	0.6
1	100	0.6
0	90

2	4	0	0.7
1	90	0.7
0	90

2	4	0	0.8
1	80	0.8
0	90

2	4	0	0.9
1	70	0.9
0	90

2	4	0	1
1	70	1
0	90
end

# sequence 22 - random intervals

start
2	4	0	1
1	100	1
0	33

2	4	0	1
1	100	1
0	287

2	4	0	1
1	100	1
0	103

2	4	0	1
1	100	1
0	264

2	4	0	1
1	100	1
0	82

2	4	0	1
1	100	1
0	214

2	4	0	1
1	100	1
0	14

2	4	0	1
1	100	1
0	32

2	4	0	1
1	100	1
0	257

2	4	0	1
1	100	1
0	127

2	4	0	1
1	100	1
0	168

2	4	0	1
1	100	1
0	219

2	4	0	1
1	100	1
0	288

2	4	0	1
1	100	1
0	17

2	4	0	1
1	100	1
0	35

2	4	0	1
1	100	1
0	39

2	4	0	1
1	100	1
0	240

2	4	0	1
1	100	1
0	48

2	4	0	1
1	100	1
0	157

2	4	0	1
1	100	1
0	212

2	4	0	1
1	100	1
0	297

2	4	0	1
1	100	1
0	183

2	4	0	1
1	100	1
0	87

2	4	0	1
1	100	1
0	165

2	4	0	1
1	100	1
0	162

2	4	0	1
1	100	1
0	270

2	4	0	1
1	100	1
0	21

2	4	0	1
1	100	1
0	295

2	4	0	1
1	100	1
0	271

2	4	0	1
1	100	1
0	281

2	4	0	1
1	100	1
0	201
end

# sequence 23 - random amplitudes I

start
2	4	0	0.29
1	316	0.29
0	632

2	4	0	0.59
1	316	0.59
0	632

2	4	0	0.78
1	316	0.78
0	632

2	4	0	0.90
1	316	0.90
0	632

2	4	0	0.13
1	316	0.13
0	632

2	4	0	0.42
1	316	0.42
0	632

2	4	0	0.56
1	316	0.56
0	632

2	4	0	0.15
1	316	0.15
0	632

2	4	0	0.27
1	316	0.27
0	632

2	4	0	0.19
1	316	0.19
0	632

2	4	0	0.27
1	316	0.27
0	632

2	4	0	0.47
1	316	0.47
0	632

2	4	0	0.17
1	316	0.17
0	632

2	4	0	0.74
1	316	0.74
0	632

2	4	0	0.34
1	316	0.34
0	632
end

# sequence 24 - sparse again

start
2	4	0	1
1	70	1
0	36

2	4	0	1
1	70	1
0	33

2	4	0	1
1	70	1
0	31

2	4	0	1
1	70	1
0	38

2	4	0	1
1	70	1
0	960

2	4	0	1
1	70	1
0	33

2	4	0	1
1	70	1
0	31

2	4	0	1
1	70	1
0	1330

2	4	0	1
1	70	1
0	36

2	4	0	1
1	70	1
0	33

2	4	0	1
1	70	1
0	31

2	4	0	1
1	70	1
0	38

2	4	0	1
1	70	1
0	39

2	4	0	1
1	70	1
0	32

2	4	0	1
1	70	1
0	1100

2	4	0	1
1	70	1
0	31

2	4	0	1
1	70	1
0	38
end

# sequence 25 - dialtone

start
2	360	0.6	0.2
0	120

2	4	0	0.4
1	180	0.4
0	130

2	380	0.6	0.2
0	120

2	4	0	0.4
1	200	0.4
0	120

0	900

2	360	0.6	0.2
0	120

2	4	0	0.4
2	80	0.4
0	120

2	340	0.6	0.2
0	120

2	4	0	0.4
1	190	0.4
0	130

0	1200

2	1200	0.3	0.001
0	60
end


# sequence 26 - 8ths

start
2	316	1	0.5
2	316	0.1	0
2	316	0.5	0.2
2	316	0.1	0
2	316	1	0.5
2	316	0.1	0
2	316	0.5	0.2
2	316	0.1	0
2	316	1	0.5
2	316	0.1	0
2	316	0.9	0.1
2	316	0.3	0.1
2	316	0.8	0.1
2	316	0.5	0.1
2	316	0.7	0.1
2	316	0.9	0.1
end


# sequence 27 - 8ths II

start
2	316	0.1	0
2	316	1	0.5
2	316	0.1	0
2	316	1	0.5
2	316	0.1	0
2	316	1	0.5
2	316	0.1	0
2	316	1	0.5
2	316	0.1	0
2	316	0.5	0.1
2	316	1	0.5
2	316	0.1	0
2	316	0.5	0.1
2	316	1	0.5	
2	316	0.1	0
2	316	1	0.5
end

# sequence 28 - random beat

start
2	158	1	0.5
2	474	0.1	0
2	632	0.5	0.1
2	158	1	0.5
2	474	0.1	0
2	474	1	0.5
2	158	0.1	0
2	316	0.5	0.1
2	158	1	0.5
2	474	0.1	0
2	632	1	0.5
2	474	0.1	0
2	158	1	0.5
2	158	0.1	0
2	316	1	0.5
2	474	0.1	0
end

# sequence 29 - random beat II

start
1	316	1
1	316	0.2
1	316	1
2	632	0	1
0	316
2	632	0	1
0	316
2	632	0	1
0	474
1	158	1
0	474
1	158	1
0	474
1	158	1
0	474
1	158	1
0	474
end

# sequence 30 - random beat III

start
1	158	1
1	158	0.1
1	158	0.5
1	158	1
1	158	0.1
1	158	0.5
1	158	1
1	158	0.1
1	158	1
1	158	0.1
3	316	0.5	6	1	1	sin
1	158	0.1
1	158	1
3	632	0.5	6	1	1	sin
end

# sequence 31 - wave I

start
4	2526	1	0.8	0.5
3	1263	0	4	4	0.6	0.6	sin
3	1263	0.3	4	4	0.6	1	sin
3	1263	0.7	4	4	1	0.6	sin
3	1263	0.5	4	4	0.6	0.2	sin
2	1263	0.5	0
end

# sequence 32 - wave II

start
3	2200	0.5	12	0.2	0.1	1	sin
2	800	0.5	0
4	1500	1	0.7	0.5
4	1800	1	0.8	0.5
4	2300	1	0.9	0.5
end

# sequence 33 - downward sweeps I

start
1	400	1
0	158
1	300	1
0	158
2	900	1	0
0	158
1	430	1
0	158
1	150	1
0	158
1	320	1
0	158
2	900	1	0
1	200	1
0	158
1	400	1
0	158
2	600	1	0
0	158
1	180	1
0	158
2	1200	1	0
0	158
end

# sequence 34 - downward sweeps II

start
1	500	1
0	132
2	632	1	0
1	158	1
0	158
2	632	1	0
1	500	1
0	132
2	632	1	0
1	316	1
2	316	0.1	0
2	316	0.5	0.1
2	316	1	0.5
2	316	0.1	0
2	316	0.5	0.1
2	316	1	0.5
2	316	0.1	0
1	500	1
0	132
2	632	1	0
end

# sequence 35 - wave II

start
4	1263	1	0.9	0.5
4	1000	1	0.9	0.5
4	900	1	0.9	0.5
4	800	1	0.9	0.5
4	700	1	0.9	0.5
4	600	1	0.9	0.4
4	500	1	0.9	0.3
4	400	1	0.9	0.3
4	300	1	0.9	0.2
4	200	1	0.9	0.2	
4	900	1	0.9	0.1
4	900	1	0.9	0.1
end

# sequence 36 - complicated chirp I

start
3	1300	0.5	8	1	1	1	sin	
3	1300	0.7	1	8	1	0	sin
2	1600	0.7	0
2	600	0	0.5
3	1100	0.5	8	3	0	1	sin
3	1100	0.5	3	1	1	1	sin
3	1000	0.4	1	0.5	0.7	0.5	sin
3	1000	0.2	0.5	0.2	0.5	0.5	sin
end

# sequence 37 - complicated chirp II

start
3	1500	0.5	10	1	1	1	sqr
3	800	0.5	1	10	1	1	sqr
3	1500	0.5	10	1	1	1	sqr
3	800	0.5	1	10	1	1	sqr
3	1500	0.3	10	1	1	1	sqr
3	800	0.2	1	10	1	1	sqr
end

# sequence 38 - wave III (getting squarer)

start
4	800	1	0.8	0.5
4	800	1	0.8	0.5
4	800	1	0.8	0.5
4	800	1	0.7	0.5
4	800	1	0.7	0.6
4	800	1	0.7	0.6
4	800	1	0.6	0.6
4	800	1	0.6	0.7
4	800	1	0.5	0.7
4	800	1	0.5	0.8
4	800	1	0.4	0.8
4	800	1	0.4	0.9
4	800	1	0.3	0.9
end
