# sequence 01 - short slowing pulses

start
2	4	0	1
1	100	1	0
0	350	0	0
2	4	0	1
1	100	1	0
0	350	0	0
2	4	0	1
1	100	1	0
0	450	0	0
2	4	0	1
1	100	1	0
0	490	0	0
2	4	0	1
1	100	1	0
0	240	0	0
end

# sequence 02 - irregular, sparse

start
2	4	0	1
1	100	1	0
0	100	0	0
2	4	0	1
1	100	1	0
0	100	0	0
2	4	0	1
1	100	1	0
0	470	0	0
2	4	0	1
1	100	1	0
0	240	0	0
2	4	0	1
1	100	1	0
0	280	0	0
2	4	0	1
1	100	1	0
0	490	0	0
2	4	0	1
1	100	1	0
0	220	0	0
2	4	0	1
1	100	1	0
0	280	0	0
2	4	0	1
1	100	1	0
0	100	0	0
2	4	0	1
1	100	1	0
0	100	0	0
end

# sequence 03 - short blips, one single long pulse

start
2	4	0	1
1	150	1	0
0	290	0	0
2	4	0	1
1	100	1	0
0	450	0	0
2	4	0	1
1	500	1	0
0	470	0	0
2	4	0	1
1	100	1	0
0	240	0	0
2	4	0	1
1	100	1	0
0	400	0	0
2	4	0	1
1	100	1	0
0	500	0	0
2	4	0	1
1	700	1	0
end

# sequence 04 - quiet blips then increasing freq + loudness

start
2	4	0	0.3
1	80	0.3	0
0	280	0	0
2	4	0	0.5
1	80	0.5	0
0	280	0	0
2	4	0	0.8
1	80	0.8	0
0	350	0	0
3	800	0.5	0.4	10	0.1	0.1	sqr
3	800	0.5	10	0.4	0.1	0.1	sqr
0	350	0	0
2	4	0	0.8
1	80	0.8	0
0	300	0	0
2	4	0	0.7
1	80	0.7	0
0	250	0	0
2	4	0	0.6
1	80	0.6	0
0	350	0	0
2	4	0	0.5
1	80	0.5	0
0	400	0	0
2	4	0	0.3
1	150	0.3	0
0	510	0	0
2	4	0	0.1
1	250	0.1	0
0	100	0	0
end

# sequence 05 - tiny blips and a quiet pulse in the middle

start
2	4	0	1
1	80	1
0	280

2	4	0	1
1	80	1
0	200

2	4	0	1
1	80	1
0	150

2	4	0	1
1	80	1
0	145

2	4	0	1
1	80	1
0	420

2	4	0	1
1	480	1
0	630

2	4	0	0.8
1	80	0.8
0	300

2	4	0	0.8
1	80	0.8
0	270

2	4	0	0.6
1	120	0.6
0	230

2	4	0	0.6
1	120	0.6
0	200

2	4	0	0.6
1	120	0.6
0	200

2	4	0	0.6
1	180	0.6
0	250

2	4	0	0.4
1	120	0.4
0	170

2	4	0	0.4
1	110	0.4
0	140

2	4	0	0.4
1	100	0.4
0	100

2	4	0	0.2
1	90	0.2
0	90

2	4	0	0.2
1	80	0.2
0	80

2	4	0	0.2
1	70	0.2
0	78
end

# sequence 06 - very sparse 

start
2	4	0	0.8
1	250	0.8
0	740

2	4	0	0.8
1	250	0.8
0	800

2	4	0	0.8
1	250	0.8
0	780

2	4	0	0.8
1	250	0.8
0	750

2	4	0	0.8
1	250	0.8
0	780
end

# sequence 07 - ramps and winding down

start
2	540	0	1
0	560

2	4	0	1
1	180	1
0	600

2	4	0	0.7
1	180	0.7
0	680

2	4	0	0.5
1	180	0.5
0	660

2	4	0	0.3
1	180	0.3
0	720

2	4	0	0.1
1	180	0.1
0	1700

2	560	1	0
0	460
end

# sequence 08 - pew pew

start
2	740	1	0
0	660

2	560	1	0
0	500

2	300	0.6	0
0	400

2	250	0.5	0
0	420

2	330	0.4	0
0	350

2	670	1	0
0	660
end

# sequence 09 - triples and grouplets

start
2	4	0	1
1	100	1
0	100

2	4	0	1
1	100	1
0	960


2	4	0	1
1	100	1
0	120

2	4	0	1
1	100	1
0	90

2	4	0	1
1	100	1
0	900


2	4	0	1
1	100	1
0	60

2	4	0	1
1	100	1
0	990


2	4	0	1
1	100	1
0	80

2	4	0	1
1	100	1
0	100

2	4	0	1
1	100	1
0	200
end


# sequence 10 - triples and grouplets II

start
0	400
2	4	0	1
1	100	1
0	100

2	4	0	1
1	100	1
0	960


2	4	0	1
1	100	1
0	120

2	4	0	1
1	100	1
0	90

2	4	0	1
1	100	1
0	900


2	4	0	1
1	100	1
0	60

2	4	0	1
1	100	1
0	990


2	4	0	1
1	100	1
0	80

2	4	0	1
1	100	1
0	100

2	4	0	1
1	100	1
0	200
end

# sequence 11 - bounce

start
2	560	0	1
0	930

2	660	0	1
0	800

2	460	0	1
0	160

2	4	0	1
1	250	1
0	80

2	4	0	1
1	250	1
0	90

2	4	0	1
1	210	1
0	70

2	4	0	1
1	150	1
0	60

2	4	0	1
1	130	1
0	50

2	4	0	1
1	110	1
0	40

2	4	0	1
1	100	1
0	50

2	4	0	1
1	90	1
0	40

2	4	0	1
1	70	1
0	30

2	4	0	1
1	70	1
0	20

2	4	0	1
1	100	1
0	40

2	4	0	1
1	140	1
0	30

2	4	0	1
1	100	1
0	20

2	4	0	1
1	90	1
0	40

2	4	0	1
1	80	1
0	30

2	4	0	1
1	70	1
0	20
end

# sequence 12 - fadeouts

start
2	500	1	0
0	70

2	500	0.8	0
0	60

2	500	0.6	0
0	80

2	500	0.4	0
0	70

2	500	0.2	0
0	60

2	500	0.1	0
0	100
end

# sequence 13 - ramps and clusters II

start
2	600	0	1
0	190

2	4	0	1
1	180	1
0	390


2	4	0	1
1	120	1
0	60

2	4	0	1
1	120	1
0	60

2	4	0	1
1	120	1
0	90

2	4	0	1
1	150	1
0	280


2	600	1	0
0	90

2	600	0	1
0	80

2	4	0	1
1	250	1
0	40
end

# sequence 14 - smooth and then crackly

start
4	1263	1	0.2	1
0	500	
1	150	1
0	600
1	150	1
0	400
1	150	1
0	900
1	150	1
0	200
1	150	1
0	200
1	150	1
0	500
2	632	0	1
0	700
2	947	0	1
0	700
2	1263	0	1
0	400
end

# sequence 15 - long chirp

start
3	1500	0.2	0.4	20	1	1	sqr
0	50

2	4	0	0.8
1	100	0.8
0	40

2	4	0	0.8
1	100	0.8
0	50

2	4	0	0.8
1	100	0.8
0	60

2	4	0	0.8
1	100	0.8
0	70

2	4	0	0.8
1	100	0.8
0	80

2	4	0	0.8
1	100	0.8
0	90

2	4	0	0.8
1	100	0.8
0	100

2	4	0	0.8
1	100	0.8
0	200

2	4	0	0.8
1	100	0.8
0	300

2	4	0	0.8
1	100	0.8
0	400

2	4	0	0.8
1	100	0.8
0	200

3	500	0.2	1	10	0.5	0.5	sqr
0	50

3	600	0.1	8	10	0.5	0.5	sqr
0	50
end

# sequence 16 - humps

start
4	632	1	0.9	0.5
0	1263
4	632	1	0.9	0.5
0	632
4	632	1	0.9	0.5
0	1263
4	632	1	0.9	0.5
0	1263
end

# sequence 17 - surprise scream

start
2	4	0	0.6
1	150	0.6
0	80

2	4	0	0.6
1	150	0.6
0	700


2	4	0	0.6
1	150	0.6
0	800


2	4	0	0.6
1	150	0.6
0	70

2	4	0	0.6
1	150	0.6
0	60

2	4	0	0.6
1	150	0.6
0	800


2	4	0	0.6
1	150	0.6
0	300

3	600	0.5	4	4	1	1	sin
0	50
end

# sequence 18 - wavering I

start
3	1000	0.2	3	5	0.8	0.8	sin
0	700

2	4	0	0.3
1	86	0.3
0	200

2	4	0	0.3
1	86	0.3
0	220

2	4	0	0.3
1	86	0.3
0	600

3	1200	0.3	3	5	0.8	0.8	sin
0	500

2	4	0	0.3
1	86	0.3
0	500

3	400	0.6	10	10	1	1	sin
0	50
end

# sequence 19 - whoa maaaannnn

start
2	4	0	0.5
3	800	0.5	8	0.5	0.01	1	sin
3	800	0.5	0.5	8	1	0.01	sin
3	800	0.5	8	0.2	0.01	1	sin
3	2400	0.5	0.2	8	1	0.01	sin
3	800	0.5	0.5	8	1	0.01	sin
end

# sequence 20 - pop up

start
2	4	0	0.2
1	120	0.2
0	200

2	4	0	0.2
1	120	0.2
0	200

2	4	0	1
1	316	1
0	200

2	4	0	0.2
1	120	0.2
0	200

2	4	0	0.2
1	120	0.2
0	200

2	4	0	1
1	315	1
0	700

2	4	0	1
1	315	1
0	200

2	4	0	0.2
1	120	0.2
0	200

2	4	0	0.2
1	120	0.2
0	450

2	4	0	0.2
1	120	0.2
0	200

2	4	0	0.2
1	120	0.2
0	200

2	4	0	1
1	315	1
0	200

2	4	0	0.2
1	120	0.2
0	200

2	4	0	0.2
1	120	0.2
0	200

2	4	0	1
1	315	1
0	200

2	4	0	0.2
1	120	0.2
0	200

2	4	0	0.2
1	120	0.2
0	450

2	4	0	0.2
1	120	0.2
0	200

2	4	0	0.3
1	120	0.3
0	200

2	4	0	1
1	315	1
0	200

2	4	0	0.2
1	120	0.2
0	200

2	4	0	0.2
1	120	0.2
0	200

2	4	0	1
1	315	1
0	50
end

# sequence 21 - downward triplets

start
2	4	0	1
1	160	1
0	90

2	4	0	0.6
1	160	0.6
0	90

2	4	0	0.2
1	160	0.2
0	90

2	4	0	1
1	315	1
0	90

2	4	0	0.6
1	160	0.6
0	90

2	4	0	0.2
1	160	0.2
0	90

2	4	0	1
1	315	1
0	90

2	4	0	0.3
1	160	0.3
0	90

2	4	0	0.05
1	160	0.05
0	90

2	4	0	1
1	315	1
0	90

2	4	0	0.3
1	160	0.3
0	90

2	4	0	0.05
1	160	0.05
0	90

2	4	0	1
1	315	1
0	90

2	4	0	0.05
1	160	0.05
0	90

2	4	0	0.1
1	160	0.1
0	90

2	4	0	0.2
1	160	0.2
0	90

2	4	0	0.3
1	120	0.3
0	90

2	4	0	0.4
1	120	0.4
0	90

2	4	0	0.5
1	100	0.5
0	90

2	4	0	0.6
1	100	0.6
0	90

2	4	0	0.7
1	90	0.7
0	90

2	4	0	0.8
1	80	0.8
0	90

2	4	0	0.9
1	70	0.9
0	90

2	4	0	1
1	70	1
0	90
end

# sequence 22 - random intervals

start
2	4	0	1
1	100	1
0	33

2	4	0	1
1	100	1
0	287

2	4	0	1
1	100	1
0	103

2	4	0	1
1	100	1
0	264

2	4	0	1
1	100	1
0	82

2	4	0	1
1	100	1
0	214

2	4	0	1
1	100	1
0	14

2	4	0	1
1	100	1
0	32

2	4	0	1
1	100	1
0	257

2	4	0	1
1	100	1
0	127

2	4	0	1
1	100	1
0	168

2	4	0	1
1	100	1
0	219

2	4	0	1
1	100	1
0	288

2	4	0	1
1	100	1
0	17

2	4	0	1
1	100	1
0	35

2	4	0	1
1	100	1
0	39

2	4	0	1
1	100	1
0	240

2	4	0	1
1	100	1
0	48

2	4	0	1
1	100	1
0	157

2	4	0	1
1	100	1
0	212

2	4	0	1
1	100	1
0	297

2	4	0	1
1	100	1
0	183

2	4	0	1
1	100	1
0	87

2	4	0	1
1	100	1
0	165

2	4	0	1
1	100	1
0	162

2	4	0	1
1	100	1
0	270

2	4	0	1
1	100	1
0	21

2	4	0	1
1	100	1
0	295

2	4	0	1
1	100	1
0	271

2	4	0	1
1	100	1
0	281

2	4	0	1
1	100	1
0	201
end

# sequence 23 - random amplitudes I

start
2	4	0	0.29
1	316	0.29
0	632

2	4	0	0.59
1	316	0.59
0	632

2	4	0	0.78
1	316	0.78
0	632

2	4	0	0.90
1	316	0.90
0	632

2	4	0	0.13
1	316	0.13
0	632

2	4	0	0.42
1	316	0.42
0	632

2	4	0	0.56
1	316	0.56
0	632

2	4	0	0.15
1	316	0.15
0	632

2	4	0	0.27
1	316	0.27
0	632

2	4	0	0.19
1	316	0.19
0	632

2	4	0	0.27
1	316	0.27
0	632

2	4	0	0.47
1	316	0.47
0	632

2	4	0	0.17
1	316	0.17
0	632

2	4	0	0.74
1	316	0.74
0	632

2	4	0	0.34
1	316	0.34
0	632
end

# sequence 24 - sparse again

start
2	4	0	1
1	70	1
0	36

2	4	0	1
1	70	1
0	33

2	4	0	1
1	70	1
0	31

2	4	0	1
1	70	1
0	38

2	4	0	1
1	70	1
0	960

2	4	0	1
1	70	1
0	33

2	4	0	1
1	70	1
0	31

2	4	0	1
1	70	1
0	1330

2	4	0	1
1	70	1
0	36

2	4	0	1
1	70	1
0	33

2	4	0	1
1	70	1
0	31

2	4	0	1
1	70	1
0	38

2	4	0	1
1	70	1
0	39

2	4	0	1
1	70	1
0	32

2	4	0	1
1	70	1
0	1100

2	4	0	1
1	70	1
0	31

2	4	0	1
1	70	1
0	38
end

# sequence 25 - dialtone

start
2	360	0.6	0.2
0	120

2	4	0	0.4
1	180	0.4
0	130

2	380	0.6	0.2
0	120

2	4	0	0.4
1	200	0.4
0	120

0	900

2	360	0.6	0.2
0	120

2	4	0	0.4
2	80	0.4
0	120

2	340	0.6	0.2
0	120

2	4	0	0.4
1	190	0.4
0	130

0	1200

2	1200	0.3	0.001
0	60
end


# sequence 26 - 8ths

start
2	316	1	0.5
2	316	0.1	0
2	316	0.5	0.2
2	316	0.1	0
2	316	1	0.5
2	316	0.1	0
2	316	0.5	0.2
2	316	0.1	0
2	316	1	0.5
2	316	0.1	0
2	316	0.9	0.1
2	316	0.3	0.1
2	316	0.8	0.1
2	316	0.5	0.1
2	316	0.7	0.1
2	316	0.9	0.1
end


# sequence 27 - 8ths II

start
2	316	0.1	0
2	316	1	0.5
2	316	0.1	0
2	316	1	0.5
2	316	0.1	0
2	316	1	0.5
2	316	0.1	0
2	316	1	0.5
2	316	0.1	0
2	316	0.5	0.1
2	316	1	0.5
2	316	0.1	0
2	316	0.5	0.1
2	316	1	0.5	
2	316	0.1	0
2	316	1	0.5
end

# sequence 28 - random beat

start
2	158	1	0.5
2	474	0.1	0
2	632	0.5	0.1
2	158	1	0.5
2	474	0.1	0
2	474	1	0.5
2	158	0.1	0
2	316	0.5	0.1
2	158	1	0.5
2	474	0.1	0
2	632	1	0.5
2	474	0.1	0
2	158	1	0.5
2	158	0.1	0
2	316	1	0.5
2	474	0.1	0
end

# sequence 29 - random beat II

start
1	316	1
1	316	0.2
1	316	1
2	632	0	1
0	316
2	632	0	1
0	316
2	632	0	1
0	474
1	158	1
0	474
1	158	1
0	474
1	158	1
0	474
1	158	1
0	474
end

# sequence 30 - random beat III

start
1	158	1
1	158	0.1
1	158	0.5
1	158	1
1	158	0.1
1	158	0.5
1	158	1
1	158	0.1
1	158	1
1	158	0.1
3	316	0.5	12	4	1	1	sin
1	158	0.1
1	158	1
3	632	0.5	12	4	1	1	sin
end

# sequence 31 - wave I

start
4	2526	1	0.8	0.5
3	1263	0	4	4	0.6	0.6	sin
3	1263	0.3	4	4	0.6	1	sin
3	1263	0.7	4	4	1	0.6	sin
3	1263	0.5	4	4	0.6	0.2	sin
2	1263	0.5	0
end

# sequence 32 - wave II

start
3	2200	0.5	12	0.2	0.1	1	sin
2	800	0.5	0
4	1500	1	0.7	0.5
4	1800	1	0.8	0.5
4	2300	1	0.9	0.5
end

# sequence 33 - downward sweeps I

start
1	400	1
0	158
1	300	1
0	158
2	900	1	0
0	158
1	430	1
0	158
1	150	1
0	158
1	320	1
0	158
2	900	1	0
1	200	1
0	158
1	400	1
0	158
2	600	1	0
0	158
1	180	1
0	158
2	1200	1	0
0	158
end

# sequence 34 - downward sweeps II

start
1	500	1
0	132
2	632	1	0
1	158	1
0	158
2	632	1	0
1	500	1
0	132
2	632	1	0
1	316	1
2	316	0.1	0
2	316	0.5	0.1
2	316	1	0.5
2	316	0.1	0
2	316	0.5	0.1
2	316	1	0.5
2	316	0.1	0
1	500	1
0	132
2	632	1	0
end

# sequence 35 - wave II

start
4	1263	1	0.9	0.5
4	1000	1	0.9	0.5
4	900	1	0.9	0.5
4	800	1	0.9	0.5
4	700	1	0.9	0.5
4	600	1	0.9	0.4
4	500	1	0.9	0.3
4	400	1	0.9	0.3
4	300	1	0.9	0.2
4	200	1	0.9	0.2	
4	900	1	0.9	0.1
4	900	1	0.9	0.1
end

# sequence 36 - complicated chirp I

start
3	1300	0.5	8	1	1	1	sin	
3	1300	0.7	1	8	1	0	sin
2	1600	0.7	0
2	600	0	0.5
3	1100	0.5	8	3	0	1	sin
3	1100	0.5	3	1	1	1	sin
3	1000	0.4	1	0.5	0.7	0.5	sin
3	1000	0.2	0.5	0.2	0.5	0.5	sin
end

# sequence 37 - complicated chirp II

start
3	1500	0.5	10	1	1	1	sqr
3	800	0.5	1	10	1	1	sqr
3	1500	0.5	10	1	1	1	sqr
3	800	0.5	1	10	1	1	sqr
3	1500	0.3	10	1	1	1	sqr
3	800	0.2	1	10	1	1	sqr
end

# sequence 38 - wave III (getting squarer)

start
4	800	1	0.8	0.5
4	800	1	0.8	0.5
4	800	1	0.8	0.5
4	800	1	0.7	0.5
4	800	1	0.7	0.6
4	800	1	0.7	0.6
4	800	1	0.6	0.6
4	800	1	0.6	0.7
4	800	1	0.5	0.7
4	800	1	0.5	0.8
4	800	1	0.4	0.8
4	800	1	0.4	0.9
4	800	1	0.3	0.9
end

# sequence 39 - shifting waves, getting squarer again

start
4	632	1	0.2	0.5
0	632
4	632	1	0.2	0.45
0	670
4	632	1	0.2	0.4
0	690
4	632	1	0.2	0.35
0	730
4	632	1	0.2	0.3
0	850
4	632	1	0.2	0.25
0	930
4	632	1	0.2	0.2
0	1100
4	632	1	0.2	0.15
0	1400
4	632	1	0.2	0.1
0	50
end

# sequence 40 - short bursts

start
3	632	0.5	6	6	1	1	sqr
3	632	0.5	14	14	1	1	sqr
3	632	0.5	6	6	1	1	sqr
3	632	0.5	16	16	1	1	sqr
3	632	0.5	6	6	1	1	sqr
3	632	0.5	18	18	1	1	sqr
3	1263	0.5	6	6	1	1	sqr
3	1263	0.5	18	18	1	1	sqr
end

# sequence 41 - upward sweeps

start
2	316	0	1
0	316
2	316	0	1
0	316
1	158	1
0	158
1	158	1
0	158
1	158	1
0	158
2	316	0	1
0	316
2	316	0	1
0	316
1	158	1
0	158
1	158	1
0	158
1	158	1
0	158
2	158	0	1
0	158
3	947	0.5	5	5	1	1	sin
1	158	1
0	158
1	158	1
0	158
1	158	1
0	158
2	158	0	1
0	158
3	947	0.5	5	5	1	1	sin
2	316	0	1
0	316
2	316	0	1
0	316
4	1263	1	0.8	0.5
end

# sequence 42 - up and down

start
3	632	0.8	12	12	0.3	0.3	sqr
0	158
3	632	0.2	12	12	0.3	0.3	sqr
0	158
3	632	0.5	12	12	0.3	0.3	sqr	
0	158
3	632	0.8	12	12	0.3	0.3	sqr
0	158
3	632	0.8	12	12	0.3	0.3	sqr
0	158
3	632	0.2	12	12	0.3	0.3	sqr
0	158
3	632	0.5	12	12	0.3	0.3	sqr
0	158
3	632	0.2	12	12	0.3	0.3	sqr
0	158
3	632	0.8	12	12	0.3	0.3	sqr
0	158
3	632	0.5	12	12	0.3	0.3	sqr
0	158
3	632	0.5	12	12	0.3	0.3	sqr
0	158
3	632	0.8	12	12	0.3	0.3	sqr
0	158
3	632	0.2	12	12	0.3	0.3	sqr
0	158
3	632	0.5	12	12	0.3	0.3	sqr
0	158
3	632	0.8	12	12	0.3	0.3	sqr
0	158
end

# sequence 43 - wave pulses

start
end

# sequence 44 - random steps I, 8 hz

start
1	125	0.26
1	125	0.27
1	125	0.07
1	125	0.79
1	125	0.30
1	125	0.05
1	125	0.33
1	125	0.86
1	125	0.15
1	125	0.70
1	125	0.53
1	125	0.63
1	125	0.79
1	125	0.06
1	125	0.84
1	125	0.93
1	125	0.76
1	125	0.12
1	125	0.14
1	125	0.30
1	125	0.37
1	125	0.65
1	125	0.84
1	125	0.23
end

# sequence 45 - big triangle sweep

start
3	4000	0.5	1	24	1	1	saw
end

# sequence 46 - strobe beats

start
1	632	0.6
0	632
3	632	0.5	10	10	1	1	saw
0	632
1	632	0.6	
0	632
1	632	0.6
0	632
1	632	0.6
0	632
3	632	0.5	4	4	1	1	saw
0	632
3	632	0.5	7	7	1	1	saw
0	632
3	632	0.5	13	13	1	1	saw
0	632
3	632	0.5	19	19	1	1	saw
0	632
end

# sequence 47 - variable staircases

start
1	632	1
0	632
1	632	0.7
0	632
3	632	0.4	8	8	1	1	sqr
0	632
1	632	0.1
0	632
1	632	1
0	632
1	632	0.5
0	632
3	632	0.1	6	6	1	1	sqr
0	632
1	632	1
0	632
1	632	0.8
0	632
3	632	0.6	10	10	1	1	sqr
0	632
1	632	0.4
0	632
1	632	0.2
0	632
1	632	0.1
0	632
end

# sequence 48 - low frequency square

start
3	2000	0.3	4	1	1	1	sqr
3	2000	0.3	1	4	1	1	sqr
3	2000	0.3	4	1	1	1	sqr
3	2000	0.3	1	4	1	1	sqr
end

# sequence 49 - sawtooth beats 4.2 and 10.7 hz all 1263

start
3	1263	0.5	4.2	4.2	1	1	saw
3	1263	0.5	10.7	10.7	1	1	saw
3	1263	0.5	4.2	4.2	1	1	saw
3	1263	0.5	10.7	10.7	1	1	saw
3	1263	0.5	4.2	4.2	1	1	saw
3	1263	0.5	10.7	10.7	1	1	saw
3	1263	0.5	4.2	4.2	1	1	saw
3	1263	0.5	10.7	10.7	1	1	saw
end

# sequence 50 - square pattern 3 12 20 hz all 632

start
3	632	0.5	3	3	0	1	sqr
0	632
3	632	0.5	20	20	1	1	sqr
0	632
3	632	0.5	12	12	0	1	sqr
0	632
3	632	0.5	20	20	0	1	sqr
0	632
3	632	0.5	3	3	1	1	sqr
0	632
3	632	0.5	20	20	1	1	sqr
0	632
3	632	0.5	3	3	0	1	sqr
0	632
3	632	0.5	12	12	1	1	sqr
0	632
end

# sequence 51 - big ramp in

start
2	1800	0	1
3	2000	0.5	4	18	1	1	saw
end

# sequence 52 - another chirp

start
3	6000	0.5	20	0.1	1	1	sin
4	3000	1	0.9	0.5
end

# sequence 53 - another other chirp

start
3	631.6	0.5	18	6	1	1	sin
3	631.6	0.5	6	18	1	1	sin
3	631.6	0.5	18	6	1	1	sin
3	631.6	0.5	6	18	1	1	sin
3	631.6	0.5	18	6	1	1	sin
3	631.6	0.5	6	18	1	1	sin
3	631.6	0.5	18	6	1	1	sin
3	631.6	0.5	6	18	1	1	sin
end

# sequence 54 - probcurv beats but longer

start
3	315.800000000000	0.500000000000000	9	9	1	1	sin
0	192
3	315.800000000000	0.500000000000000	9	9	1	1	sin
0	75
3	315.800000000000	0.500000000000000	9	9	1	1	sin
0	225
3	315.800000000000	0.500000000000000	9	9	1	1	sin
0	360
3	315.800000000000	0.500000000000000	9	9	1	1	sin
0	480
3	315.800000000000	0.500000000000000	9	9	1	1	sin
0	120
3	315.800000000000	0.500000000000000	9	9	1	1	sin
0	360
3	315.800000000000	0.500000000000000	9	9	1	1	sin
0	175
3	315.800000000000	0.500000000000000	9	9	1	1	sin
0	936
3	315.800000000000	0.500000000000000	9	9	1	1	sin
0	528
3	315.800000000000	0.500000000000000	9	9	1	1	sin
0	320
3	315.800000000000	0.500000000000000	9	9	1	1	sin
0	400
3	315.800000000000	0.500000000000000	9	9	1	1	sin
0	110
3	315.800000000000	0.500000000000000	9	9	1	1	sin
0	728
3	315.800000000000	0.500000000000000	9	9	1	1	sin
0	350
3	315.800000000000	0.500000000000000	9	9	1	1	sin
0	420
3	315.800000000000	0.500000000000000	9	9	1	1	sin
0	660
3	315.800000000000	0.500000000000000	9	9	1	1	sin
0	70
3	315.800000000000	0.500000000000000	9	9	1	1	sin
0	420
3	315.800000000000	0.500000000000000	9	9	1	1	sin
0	192
3	315.800000000000	0.500000000000000	9	9	1	1	sin
0	420
end

# sequence 55 - probcurv beats but longer II

start
3	157.900000000000	0.500000000000000	18	18	1	1	sawd
0	80
3	157.900000000000	0.500000000000000	18	18	1	1	sawd
0	105
3	157.900000000000	0.500000000000000	18	18	1	1	sawd
0	240
3	157.900000000000	0.500000000000000	18	18	1	1	sawd
0	120
3	157.900000000000	0.500000000000000	18	18	1	1	sawd
0	160
3	157.900000000000	0.500000000000000	18	18	1	1	sawd
0	108
3	157.900000000000	0.500000000000000	18	18	1	1	sawd
0	252
3	157.900000000000	0.500000000000000	18	18	1	1	sawd
0	250
3	157.900000000000	0.500000000000000	18	18	1	1	sawd
0	30
3	157.900000000000	0.500000000000000	18	18	1	1	sawd
0	360
3	157.900000000000	0.500000000000000	18	18	1	1	sawd
0	112
3	157.900000000000	0.500000000000000	18	18	1	1	sawd
0	160
3	157.900000000000	0.500000000000000	18	18	1	1	sawd
0	20
3	157.900000000000	0.500000000000000	18	18	1	1	sawd
0	20
3	157.900000000000	0.500000000000000	18	18	1	1	sawd
0	280
3	157.900000000000	0.500000000000000	18	18	1	1	sawd
0	140
3	157.900000000000	0.500000000000000	18	18	1	1	sawd
0	150
3	157.900000000000	0.500000000000000	18	18	1	1	sawd
0	168
3	157.900000000000	0.500000000000000	18	18	1	1	sawd
0	54
3	157.900000000000	0.500000000000000	18	18	1	1	sawd
0	288
3	157.900000000000	0.500000000000000	18	18	1	1	sawd
0	336
3	157.900000000000	0.500000000000000	18	18	1	1	sawd
0	80
3	157.900000000000	0.500000000000000	18	18	1	1	sawd
0	120
3	157.900000000000	0.500000000000000	18	18	1	1	sawd
0	90
3	157.900000000000	0.500000000000000	18	18	1	1	sawd
0	336
3	157.900000000000	0.500000000000000	18	18	1	1	sawd
0	180
3	157.900000000000	0.500000000000000	18	18	1	1	sawd
0	36
3	157.900000000000	0.500000000000000	18	18	1	1	sawd
0	150
3	157.900000000000	0.500000000000000	18	18	1	1	sawd
0	70
3	157.900000000000	0.500000000000000	18	18	1	1	sawd
0	120
3	157.900000000000	0.500000000000000	18	18	1	1	sawd
0	252
3	157.900000000000	0.500000000000000	18	18	1	1	sawd
0	135
end

# sequence 56 - squares on squares I

start
3	315.800000000000	0.684404145185470	12	12	0.3	0.3	sqr	
0	315.800000000000	
3	315.800000000000	0.159700925923530	12	12	0.3	0.3	sqr
0	315.800000000000
3	315.800000000000	0.407875466802269	12	12	0.3	0.3	sqr
0	315.800000000000
3	315.800000000000	0.878335739363452	12	12	0.3	0.3	sqr
0	315.800000000000
3	315.800000000000	0.376712886873232	12	12	0.3	0.3	sqr
0	315.800000000000
3	315.800000000000	0.704526340416355	12	12	0.3	0.3	sqr
0	315.800000000000
3	315.800000000000	0.377258423030544	12	12	0.3	0.3	sqr
0	315.800000000000
3	315.800000000000	0.542234860780615	12	12	0.3	0.3	sqr
0	315.800000000000
3	315.800000000000	0.279579017975627	12	12	0.3	0.3	sqr
0	315.800000000000
end

# sequence 57 - squares on squares II

start
3	315.800000000000	0.499444147991747	12	12	0.3	0.3	sawd
0	315.800000000000
3	315.800000000000	0.328642096948442	18	18	0.3	0.3	sawd
0	315.800000000000
3	315.800000000000	0.515609832831511	12	12	0.3	0.3	sawd
0	315.800000000000
3	315.800000000000	0.564766776797284	12	12	0.3	0.3	sawd
0	315.800000000000
3	315.800000000000	0.836448684498836	18	18	0.3	0.3	sawd
0	315.800000000000
3	315.800000000000	0.333172498348361	18	18	0.3	0.3	sawd
0	315.800000000000
3	315.800000000000	0.113110772943886	18	18	0.3	0.3	sawd
0	315.800000000000
3	315.800000000000	0.762981529948695	12	12	0.3	0.3	sawd
0	315.800000000000
3	315.800000000000	0.342173197786901	18	18	0.3	0.3	sawd
0	315.800000000000
end

# sequence 58 - squares on squares III

start
0	315.800000000000	
0	315.800000000000	
3	315.800000000000	0.453833189671666	10	10	0.2	0.2	sqr
3	315.800000000000	0.534087395982750	10	10	0.2	0.2	sqr
0	315.800000000000	
3	315.800000000000	0.881975581950449	10	10	0.2	0.2	sqr
0	315.800000000000	
0	315.800000000000	
3	315.800000000000	0.806401632727946	10	10	0.2	0.2	sqr
3	315.800000000000	0.732941629106471	10	10	0.2	0.2	sqr
3	315.800000000000	0.509846148826131	10	10	0.2	0.2	sqr
0	315.800000000000	
3	315.800000000000	0.611613045413105	10	10	0.2	0.2	sqr
0	315.800000000000	
3	315.800000000000	0.363050599829759	10	10	0.2	0.2	sqr
3	315.800000000000	0.218729014713493	10	10	0.2	0.2	sqr
0	315.800000000000	
3	315.800000000000	0.395311165304898	10	10	0.2	0.2	sqr
0	315.800000000000	
0	315.800000000000	
3	315.800000000000	0.211132223644016	10	10	0.2	0.2	sqr
0	315.800000000000	
0	315.800000000000	
0	315.800000000000	
0	315.800000000000	
3	315.800000000000	0.498151310944808	10	10	0.2	0.2	sqr
3	315.800000000000	0.609852145309829	10	10	0.2	0.2	sqr
0	315.800000000000	
0	315.800000000000	
3	315.800000000000	0.319052700907129	10	10	0.2	0.2	sqr
3	315.800000000000	0.807795996212299	10	10	0.2	0.2	sqr
0	315.800000000000	
0	315.800000000000	
0	315.800000000000	
3	315.800000000000	0.541259805947694	10	10	0.2	0.2	sqr
3	315.800000000000	0.732317182011424	10	10	0.2	0.2	sqr
end

# sequence 59 - squares on squares IV

start
0	236.850000000000
0	315.800000000000
3	157.900000000000	0.453833189671666	12	12	0.3	0.3	sqr
3	236.850000000000	0.534087395982750	12	12	0.3	0.3	sqr
3	157.900000000000	0.800084566343726	12	12	0.3	0.3	sqr
3	315.800000000000	0.881975581950449	12	12	0.3	0.3	sqr
0	157.900000000000
0	315.800000000000
3	157.900000000000	0.806401632727946	12	12	0.3	0.3	sqr
3	315.800000000000	0.732941629106471	12	12	0.3	0.3	sqr
3	157.900000000000	0.509846148826131	12	12	0.3	0.3	sqr
0	236.850000000000
3	236.850000000000	0.611613045413105	12	12	0.3	0.3	sqr
0	157.900000000000
3	236.850000000000	0.363050599829759	12	12	0.3	0.3	sqr
3	157.900000000000	0.218729014713493	12	12	0.3	0.3	sqr
0	236.850000000000
3	236.850000000000	0.395311165304898	12	12	0.3	0.3	sqr
0	315.800000000000
0	157.900000000000
3	157.900000000000	0.211132223644016	12	12	0.3	0.3	sqr
0	157.900000000000
0	157.900000000000
0	236.850000000000
0	315.800000000000
3	236.850000000000	0.498151310944808	12	12	0.3	0.3	sqr
3	157.900000000000	0.609852145309829	12	12	0.3	0.3	sqr
0	157.900000000000
0	315.800000000000
3	236.850000000000	0.319052700907129	12	12	0.3	0.3	sqr
3	315.800000000000	0.807795996212299	12	12	0.3	0.3	sqr
0	315.800000000000
0	315.800000000000
0	157.900000000000
3	315.800000000000	0.541259805947694	12	12	0.3	0.3	sqr
3	236.850000000000	0.732317182011424	12	12	0.3	0.3	sqr
end

# sequence 60 - squares on squares V

start
0	631.600000000000	
3	631.600000000000	0.214593378577116	12	12	0.4	0.4	sawd
0	631.600000000000	
3	631.600000000000	0.242784880659002	12	12	0.4	0.4	sawd
0	631.600000000000	
3	631.600000000000	0.221340718786688	12	12	0.4	0.4	sawd
0	631.600000000000	
3	631.600000000000	0.804000206414184	12	12	0.4	0.4	sawd
0	631.600000000000	
3	631.600000000000	0.554410622770671	12	12	0.4	0.4	sawd
0	631.600000000000	
3	631.600000000000	0.455164354909053	12	12	0.4	0.4	sawd
0	631.600000000000	
3	631.600000000000	0.885444562777762	12	12	0.4	0.4	sawd
0	631.600000000000	
3	631.600000000000	0.192254726665417	12	12	0.4	0.4	sawd
end

# sequence 61 - squares on squares VI

start
0	315.800000000000	
3	315.800000000000	0.500000000000000	12	12	1	1	sawd
3	315.800000000000	0.500000000000000	12	12	1	1	sawd
3	315.800000000000	0.500000000000000	12	12	1	1	sawd
0	315.800000000000	
3	315.800000000000	0.500000000000000	12	12	1	1	sawd
0	315.800000000000	
0	315.800000000000	
0	315.800000000000	
3	315.800000000000	0.500000000000000	12	12	1	1	sawd
0	315.800000000000	
0	315.800000000000	
0	315.800000000000	
3	315.800000000000	0.500000000000000	12	12	1	1	sawd
0	315.800000000000	
3	315.800000000000	0.500000000000000	12	12	1	1	sawd
0	315.800000000000	
3	315.800000000000	0.500000000000000	12	12	1	1	sawd
3	315.800000000000	0.500000000000000	12	12	1	1	sawd
3	315.800000000000	0.500000000000000	12	12	1	1	sawd
0	315.800000000000	
0	315.800000000000	
0	315.800000000000	
3	315.800000000000	0.500000000000000	12	12	1	1	sawd
0	315.800000000000	
0	315.800000000000	
3	315.800000000000	0.500000000000000	12	12	1	1	sawd
0	315.800000000000	
3	315.800000000000	0.500000000000000	12	12	1	1	sawd
3	315.800000000000	0.500000000000000	12	12	1	1	sawd
3	315.800000000000	0.500000000000000	12	12	1	1	sawd
end

# sequence 62 - random squares I

start
1	157.900000000000	0.0277882525673147
1	157.900000000000	0.959792781479445
1	157.900000000000	0.732243132649956
1	157.900000000000	0.890659928728319
1	157.900000000000	0.895253073981383
1	157.900000000000	0.794324316826594
1	157.900000000000	0.535217674434914
1	157.900000000000	0.342400738418947
1	157.900000000000	0.280784489841210
1	157.900000000000	0.474461454976770
1	157.900000000000	0.00857963783463589
1	157.900000000000	0.424800244672760
1	157.900000000000	0.717986747474848
1	157.900000000000	0.410535999967197
1	157.900000000000	0.604571157183583
1	157.900000000000	0.590882364524143
1	157.900000000000	0.978606088806717
1	157.900000000000	0.275977088932444
1	157.900000000000	0.0427861397876032
1	157.900000000000	0.870653354651164
1	157.900000000000	0.887844370504190
1	157.900000000000	0.371950580078860
1	157.900000000000	0.148873935384885
1	157.900000000000	0.169315241325282
1	157.900000000000	0.162822889015554
1	157.900000000000	0.595220624814682
1	157.900000000000	0.851465538187106
1	157.900000000000	0.0441128313172059
1	157.900000000000	0.590111010332239
1	157.900000000000	0.247792524966550
1	157.900000000000	0.218488867424226
1	157.900000000000	0.728444993728620
1	157.900000000000	0.183081501658225
1	157.900000000000	0.106937643819702
1	157.900000000000	0.453107556570544
1	157.900000000000	0.193715261777417
1	157.900000000000	0.371959049914611
1	157.900000000000	0.183760567956111
1	157.900000000000	0.886769244664499
1	157.900000000000	0.213486611972170
1	157.900000000000	0.542774791896146
1	157.900000000000	0.165275071871229
1	157.900000000000	0.448272641688966
1	157.900000000000	0.822608156007469
1	157.900000000000	0.472541134637184
1	157.900000000000	0.879506494609336
1	157.900000000000	0.656411272643043
1	157.900000000000	0.547909242381855
end

# sequence 63 - random squares II

start
1	236.850000000000	0.460565133380262
1	236.850000000000	0.115912377283153
1	236.850000000000	0.349116225648766
1	236.850000000000	0.297838285810700
1	236.850000000000	0.00505903732400281
1	236.850000000000	0.166576206361749
1	236.850000000000	0.874591076375770
1	236.850000000000	0.735092245960790
1	236.850000000000	0.0698979210811966
1	236.850000000000	0.149226388946536
1	236.850000000000	0.939615803359515
1	236.850000000000	0.880934457010678
1	236.850000000000	0.324672569269248
1	236.850000000000	0.463228204771148
1	236.850000000000	0.717829437947366
1	236.850000000000	0.428449024673818
1	236.850000000000	0.535941554759152
1	236.850000000000	0.950283741733992
1	236.850000000000	0.498041012677909
1	236.850000000000	0.817509395856816
1	236.850000000000	0.735727293059089
1	236.850000000000	0.158199178044396
1	236.850000000000	0.791624879856484
1	236.850000000000	0.0136833567839992
1	236.850000000000	0.723489412615181
1	236.850000000000	0.492442844239728
1	236.850000000000	0.337404379600171
1	236.850000000000	0.754816992708471
1	236.850000000000	0.706491137463383
1	236.850000000000	0.442561592187933
1	236.850000000000	0.821593115989711
1	236.850000000000	0.816026748760852
end

# sequence 64 - random squares III

start
1	315.800000000000	0.200086878737079
1	315.800000000000	0.279534434814089
1	315.800000000000	0.698643664268975
1	315.800000000000	0.190604247897739
1	315.800000000000	0.421929692340671
1	315.800000000000	0.207688636302337
1	315.800000000000	0.138686628246929
1	315.800000000000	0.813760781256870
1	315.800000000000	0.328457147360187
1	315.800000000000	0.480585331778066
1	315.800000000000	0.0669917708699399
1	315.800000000000	0.0820460747544350
1	315.800000000000	0.317459224464993
1	315.800000000000	0.314578238489381
1	315.800000000000	0.338094587569704
1	315.800000000000	0.654030136678766
1	315.800000000000	0.420220432346260
1	315.800000000000	0.832084147011590
1	315.800000000000	0.874214483404143
1	315.800000000000	0.549692857821427
1	315.800000000000	0.338014278984655
1	315.800000000000	0.541982809809285
1	315.800000000000	0.250723623705131
1	315.800000000000	0.368172333656587
end

# sequence 65 - random squares IV

start
1	157.900000000000	0.518560834422865
1	157.900000000000	0.425357630061231
1	157.900000000000	0.812118817242681
1	157.900000000000	0.642029938812838
1	157.900000000000	0.184272622909147
1	157.900000000000	0.997703838502922
1	157.900000000000	0.488387615191985
1	157.900000000000	0.509235468594366
1	157.900000000000	0.764175999223294
1	157.900000000000	0.674589495770682
1	157.900000000000	0.725291646609569
1	157.900000000000	0.222260338025177
1	157.900000000000	0.383084938800701
1	157.900000000000	0.346163214747737
1	157.900000000000	0.841847895082889
1	157.900000000000	0.975266291839263
1	157.900000000000	0.282174238000458
1	157.900000000000	0.975571215353995
1	157.900000000000	0.602170430559249
1	157.900000000000	0.186944915542537
1	157.900000000000	0.463329408803362
1	157.900000000000	0.124167154181252
1	157.900000000000	0.699965061845979
1	157.900000000000	0.758414596317140
1	157.900000000000	0.479747817831244
1	157.900000000000	0.683120937856991
1	157.900000000000	0.718049584621942
1	157.900000000000	0.212783117284337
1	157.900000000000	0.140420234393711
1	157.900000000000	0.480692410229626
1	157.900000000000	0.999407127961020
1	157.900000000000	0.880797576664817
1	157.900000000000	0.0389256489911894
1	157.900000000000	0.948633435946305
1	157.900000000000	0.892860439819072
1	157.900000000000	0.212325031230301
1	157.900000000000	0.981948743627835
1	157.900000000000	0.254546991984541
1	157.900000000000	0.626856435030855
1	157.900000000000	0.518767107409676
1	157.900000000000	0.494841046049729
1	157.900000000000	0.246603751586934
1	157.900000000000	0.0637559093146444
1	157.900000000000	0.168443523538876
1	157.900000000000	0.664876218884106
1	157.900000000000	0.706078172516633
1	157.900000000000	0.858070212968541
1	157.900000000000	0.269825752108275
end

# sequence 66 - random squares V

start
1	236.850000000000	0.967002575154402
1	315.800000000000	0.476052184408030
1	473.700000000000	0.621817582976306
1	473.700000000000	0.617212056156403
1	315.800000000000	0.617578418977681
1	236.850000000000	0.374049419047331
1	315.800000000000	0.694572467374908
1	315.800000000000	0.304677425818038
1	236.850000000000	0.378794361126560
1	157.900000000000	0.756654636498719
1	236.850000000000	0.507025314857440
1	473.700000000000	0.615049019071397
1	157.900000000000	0.402082613963748
1	157.900000000000	0.197994868418414
1	315.800000000000	0.504224747392415
1	236.850000000000	0.470113903220981
1	473.700000000000	0.139239748859624
1	315.800000000000	0.467780456096228
1	315.800000000000	0.479981882268547
1	236.850000000000	0.0421601651810601
1	157.900000000000	0.0912877985058433
1	236.850000000000	0.318396556729516
1	315.800000000000	0.995365847363241
1	157.900000000000	0.618374181066249
1	473.700000000000	0.755775459090941
1	157.900000000000	0.276121875759907
1	473.700000000000	0.533971565138079
1	157.900000000000	0.0225858113994707
1	236.850000000000	0.823497905746580
1	236.850000000000	0.240969396104733
1	315.800000000000	0.652105495685749
1	315.800000000000	0.628911634417109
end

# sequence 67 - random squares VI

start
1	157.900000000000	0.735616643576793
1	315.800000000000	0.763792377909750
1	157.900000000000	0.394750582058551
1	157.900000000000	0.0622751604629849
1	315.800000000000	0.700258676187932
1	157.900000000000	0.395614653065673
1	236.850000000000	0.835585755522053
1	236.850000000000	0.244223067068280
1	315.800000000000	0.961214397003152
1	236.850000000000	0.906725077439885
1	315.800000000000	0.318726546654522
1	157.900000000000	0.767244750461190
1	315.800000000000	0.755409454628946
1	157.900000000000	0.596543331607727
1	315.800000000000	0.142727832185442
1	157.900000000000	0.0469065119495129
1	236.850000000000	0.862994712469537
1	157.900000000000	0.592463066714511
1	157.900000000000	0.0796503699044252
1	315.800000000000	0.247111207419845
1	236.850000000000	0.846979450166088
1	315.800000000000	0.0722903243316734
1	315.800000000000	0.814575295907754
1	157.900000000000	0.884313548710428
1	315.800000000000	0.370244622006705
1	236.850000000000	0.800344770291270
1	315.800000000000	0.810674714668735
1	315.800000000000	0.178550443583786
1	315.800000000000	0.694293686193437
1	236.850000000000	0.660977176617282
1	157.900000000000	0.990062543598768
1	315.800000000000	0.383514752132963
end

# sequence 68 - up and down saw I

start
3	10000	0.5	0.4	0.4	1	1	saw
end

# sequence 69 - up and down saw II

start
3	10000	0.5	3.17	3.17	1	1	sawd
end

# sequence 70 - up and down saw III

start
3	10000	0.5	3.17	3.17	1	1	saw
end

# sequence 71 - up and down saw IV

start
3	10000	0.5	0.79	3.17	1	1	sawd
end

# sequence 72 - up and down saw V

start
3	10000	0.5	2.11	2.11	1	1	saw
end

# sequence 73 - up and down saw VI

start
3	10000	0.5	1.58	1.58	1	1	sawd
end

# sequence 74 - up and down saw VII

start
3	10000	0.5	6.33	0.79	1	1	sawd
end

# sequence 75 - up and down saw VIII

start
3	10000	0.5	1.06	1.06	1	1	sawd
end

# sequence 76 - up saw III

start
3	10000	0.5	1.58	1.58	1	1	saw
end

# sequence 77 - up saw IV

start
3	10000	0.5	0.79	6.33	1	1	saw
end

# sequence 78 - up and down saw IX

start
3	10000	0.5	0.79	0.79	1	1	sawd
end

# sequence 79 - up saw I

start
3	10000	0.5	0.79	0.79	1	1	saw
end

# sequence 80 - up saw II

start
3	10000	0.5	1.06	1.06	1	1	saw
end

# sequence 81 - up saw V

start
3	10000	0.5	6.33	0.79	1	1	saw
end

# sequence 82 - up saw VI

start
3	10000	0.5	1.06	3.17	1	1	saw
end

# sequence 83 - glitter I

start
1	79	0.0709782222286096
1	79	0.845701746531009
1	79	0.657470538031124
1	79	0.367304470505196
1	79	0.699711106979227
1	79	0.273576953112091
1	79	0.144949511770621
1	79	0.304749807567675
1	79	0.111915906818522
1	79	0.983205671842697
1	79	0.810815709954073
1	79	0.467765301250505
1	79	0.380410325056971
1	79	0.692455686023322
1	79	0.104776731564931
1	79	0.0283932609070279
1	79	0.199128876884601
1	79	0.263502730078326
1	79	0.987383495592245
1	79	0.206641759355501
1	79	0.0535224132221298
1	79	0.0861432080337774
1	79	0.358083759345446
1	79	0.834597708432640
1	79	0.0290313135093165
1	79	0.132812426113984
1	79	0.186357500549406
1	79	0.950512136201215
1	79	0.996887741758114
1	79	0.950536363226135
1	79	0.959411540009620
1	79	0.226753840499592
1	79	0.260474806978176
1	79	0.383671559487495
1	79	0.875622184575691
1	79	0.959102279527919
1	79	0.630670020080555
1	79	0.278622357685988
1	79	0.0930163137812554
1	79	0.202281115098587
1	79	0.743576715689091
1	79	0.681692728586875
1	79	0.529430321601231
1	79	0.837446392217739
1	79	0.466297324095343
1	79	0.322373758912214
1	79	0.587255365393870
1	79	0.639543054838829
1	79	0.0174872892503900
1	79	0.0367376126398826
1	79	0.0551374561532074
1	79	0.0639835847659775
1	79	0.0713733824009400
1	79	0.964775332992617
1	79	0.0831562516059666
1	79	0.455264600561466
1	79	0.956195548004749
1	79	0.508635911209233
1	79	0.210308422130961
1	79	0.998452982888296
1	79	0.969910605736518
1	79	0.673148170571132
1	79	0.0765055983598170
1	79	0.211693475950667
1	79	0.0457577485728925
1	79	0.505710446973576
1	79	0.950159515338857
1	79	0.577561126673339
1	79	0.439446311752574
1	79	0.602004090396649
1	79	0.214546440401506
1	79	0.672566870578187
1	79	0.323857975250956
1	79	0.634142806056069
1	79	0.355580712275571
1	79	0.152582022288085
1	79	0.0844857004743876
1	79	0.738799482656323
1	79	0.837413006096115
1	79	0.367474025579957
1	79	0.127048087549550
1	79	0.0733284011407932
1	79	0.892217333373334
1	79	0.234806257611924
1	79	0.767200090273578
1	79	0.487061538227435
1	79	0.796427805570130
1	79	0.308604616235857
1	79	0.508593427200324
1	79	0.807122498375477
1	79	0.750313121542552
1	79	0.861750773876817
1	79	0.553295186261435
1	79	0.795642519653479
1	79	0.949860508160626
1	79	0.745837500200978
1	79	0.0619829910361802
1	79	0.190351590417353
1	79	0.746450627549246
1	79	0.109224731051392
1	79	0.976738503776063
1	79	0.773325541597088
1	79	0.994299010058766
1	79	0.317271949702558
1	79	0.733974140224717
1	79	0.815520440478536
1	79	0.415411901711349
1	79	0.446648478916874
1	79	0.576176952232470
1	79	0.762675484599402
1	79	0.618939926969947
1	79	0.314782712039813
1	79	0.801594343214002
1	79	0.763227172463709
1	79	0.245734652304898
1	79	0.507473444761334
1	79	0.147019300893965
1	79	0.129698665458025
1	79	0.660654616874952
1	79	0.0732312040468013
1	79	0.201564139678115
1	79	0.850747255518307
1	79	0.595795473603532
1	79	0.677312192739587
1	79	0.964954542102979
1	79	0.805441876939971
1	79	0.751057044062530
1	79	0.798439669844153
end

# sequence 84 - glitter II

start
1	79	0.273873273820798
1	79	0.412873920749214
1	79	0.273422480286923
1	79	0.214854339538904
1	79	0.284610862379391
1	79	0.684535163002128
1	79	0.434760642240072
1	79	0.559762070756986
1	79	0.200731538750809
1	79	0.609905824110137
1	79	0.788695294925569
1	79	0.0614295506428291
1	79	0.988984267520285
1	79	0.621533832402367
1	79	0.974383409903632
1	79	0.854679699791956
1	79	0.0393484636694887
1	79	0.445475789118009
1	79	0.323215770563546
1	79	0.154959669482769
1	79	0.873993216384763
1	79	0.352135742418362
1	79	0.399798611557375
1	79	0.911125408582410
1	79	0.398178123440111
1	79	0.474933124377296
1	79	0.894120954340671
1	79	0.687510487618711
1	79	0.659992612221552
1	79	0.774742888183922
1	79	0.808549764702800
1	79	0.317968631143905
1	79	0.00954553215680054
1	79	0.914243391675322
1	79	0.0975259847458208
1	79	0.864317899953104
1	79	0.957797352860632
1	79	0.865014056306828
1	79	0.673897420778921
1	79	0.556163993749389
1	79	0.451354389417382
1	79	0.329942772872638
1	79	0.0879311718179626
1	79	0.331576500929679
1	79	0.847955971093492
1	79	0.0816064543213875
1	79	0.139915630274235
1	79	0.287279137737404
1	79	0.828023861478086
1	79	0.554792164815677
1	79	0.320372849204200
1	79	0.779676473504885
1	79	0.877420416311865
1	79	0.570817684712713
1	79	0.559481212464933
1	79	0.710702912170038
1	79	0.332126389365687
1	79	0.937676456037682
1	79	0.117470338049466
1	79	0.794218144577591
1	79	0.329918942159395
1	79	0.114577034368532
1	79	0.549509402757334
1	79	0.650743881377073
1	79	0.613114147476359
1	79	0.751877094110390
1	79	0.162624513587545
1	79	0.773011679611731
1	79	0.771451095772245
1	79	0.854647988055870
1	79	0.542695423776974
1	79	0.594334747837864
1	79	0.263133985077178
1	79	0.495746585477789
1	79	0.991420985155086
1	79	0.134565388812973
1	79	0.330673309296106
1	79	0.0151319757274822
1	79	0.810350014262261
1	79	0.727601365751976
1	79	0.801017282892293
1	79	0.400156786112105
1	79	0.819352069083793
1	79	0.692175064376482
1	79	0.915341253027676
1	79	0.641535104393421
1	79	0.661277462222028
1	79	0.0134599549993701
1	79	0.863605309895910
1	79	0.188147724518046
1	79	0.264671254519114
1	79	0.181176639489982
1	79	0.539711976990391
1	79	0.518634541147630
1	79	0.700866968492315
1	79	0.784574838468495
1	79	0.255523555405238
1	79	0.915122273254157
1	79	0.327590989833603
1	79	0.176565056117245
1	79	0.228905469922716
1	79	0.139538699249807
1	79	0.574746670071348
1	79	0.642184328155172
1	79	0.249030894279087
1	79	0.590219851966940
1	79	0.360686284770389
1	79	0.719582429266234
1	79	0.335574051913089
1	79	0.478018497872361
1	79	0.223835022456644
1	79	0.424421359564127
1	79	0.621795488877918
1	79	0.0912716549264273
1	79	0.149159392165337
1	79	0.149530212733051
1	79	0.0887736272517701
1	79	0.677968832711808
1	79	0.552866821773887
1	79	0.805898884739537
1	79	0.400018595136627
1	79	0.573945834172421
1	79	0.271663511854410
1	79	0.606500804087977
1	79	0.913091458961742
1	79	0.571814420758783
1	79	0.985231062250882
1	79	0.0180786866751088
end

# sequence 85 - glitter III

start
1	79	0.281172975675314
1	85.0717948717949	0.0801358208844170
1	91.1435897435897	0.145801508955477
1	97.2153846153846	0.163045621569183
1	103.287179487179	0.538577935176382
1	109.358974358974	0.468961205104059
1	115.430769230769	0.265314338431152
1	121.502564102564	0.674538743110966
1	127.574358974359	0.124544528832055
1	133.646153846154	0.251765698456251
1	139.717948717949	0.589169729268856
1	145.789743589744	0.351098128310760
1	151.861538461539	0.522773859255701
1	157.933333333333	0.335170711407786
1	164.005128205128	0.0235351253784355
1	170.076923076923	0.401679638189028
1	176.148717948718	0.504683483895280
1	182.220512820513	0.129589379578932
1	188.292307692308	0.612969398568137
1	194.364102564103	0.963455827278800
1	200.435897435897	0.0896571347769251
1	206.507692307692	0.308662096713197
1	212.579487179487	0.529213856593459
1	218.651282051282	0.447415069320088
1	224.723076923077	0.939962907017726
1	230.794871794872	0.721104329446225
1	236.866666666667	0.737882832406459
1	242.938461538462	0.639131985033605
1	249.010256410256	0.0353144947958958
1	255.082051282051	0.641615464196834
1	261.153846153846	0.318590642040134
1	267.225641025641	0.101101747819730
1	273.297435897436	0.0809821628826388
1	279.369230769231	0.902145357163891
1	285.441025641026	0.252735692022642
1	291.512820512821	0.494907758041240
1	297.584615384615	0.388113025418348
1	303.656410256410	0.263626328209528
1	309.728205128205	0.263116205244998
1	315.800000000000	0.699527429206452
end

# sequence 86 - up saw VII

start
3	10000	0.5	3.17	1.06	1	1	saw
end

# sequence 87 - up saw VII

start
3	10000	0.5	0.1	0.1	1	1	sawd
end

# sequence 88 - infinite sawtooth

start
3	20000	0.55	0.28	0.28	0.9	0.9	saw
end

# THATS ALL FOLKS